# Fix print output for fix def1
0.000999999999999206 0.0952365917283031 0.00175968830463321 5.1946829618199e-05
0.00199999999999946 0.101168637162114 -0.0292591291820789 -0.0226022044765676
0.00299999999999937 0.195039521059459 0.0331519379100443 0.0250712940590725
0.00399999999999927 0.249214976863936 -0.0119416192631621 -0.0465648710210168
0.00499999999999918 0.328617124868726 0.0162043794952796 0.0407556083132994
0.00599999999999943 0.397797644746523 -0.00202267902155211 -0.0244421183789325
0.00699999999999934 0.473084851671848 0.00531066106113632 -0.0118197773440399
0.00799999999999924 0.523271138698004 0.0108815092610744 -0.00922147598741956
0.00899999999999915 0.592461769389064 -0.0116819623784436 0.0188636697491352
0.0099999999999994 0.648752780275841 0.0101410618589066 0.0273318036858793
0.0109999999999993 0.709766029342973 -0.0293294156393233 -0.0192179134051791
0.0119999999999992 0.796429601750324 0.0683274110497506 0.0452878753919924
0.0129999999999995 0.825554314823681 -0.0393492266398202 -0.0202099207299688
0.0139999999999994 0.907469180555631 0.0515184339074527 0.0266350994881691
0.0149999999999993 0.948003257311419 -0.03023452825352 -0.0326562980599645
0.0159999999999992 1.03399426736725 0.0314586318193581 -0.0285560540044423
0.0169999999999994 1.083601504869 -0.00372604426991524 0.00826897089535943
0.0179999999999993 1.13773183174855 -0.0349780862899171 0.0079908933994306
0.0189999999999993 1.24083723956371 0.0104856961949487 0.0252664067058657
0.0199999999999992 1.26153926876228 -0.0041758043001872 -0.00769016939833887
0.0209999999999994 1.35432168021415 0.0468387622351221 -0.019398895750948
0.0219999999999993 1.39705369812903 -0.0197495035875522 -0.0254673191351513
0.0229999999999992 1.47061693481774 -0.016737049372309 0.0257230409794191
0.0239999999999991 1.52756718999644 -0.0140123016451613 0.0104086759710775
0.0249999999999994 1.56101900990809 -0.0171987616920878 -0.00127794705610128
0.0259999999999993 1.65217982975345 0.0453393637459756 -0.00723145902303843
0.0269999999999992 1.7114333903583 -0.0170767977510938 -0.00515272566275572
0.0279999999999994 1.79895874785297 0.0208962123190343 0.0439848143268845
0.0289999999999993 1.83458871093828 0.00115551291672988 -0.00539227705843425
0.0299999999999993 1.88736493855805 0.0233706051282179 0.00189764685444875
0.0309999999999992 1.98483969952951 0.00848498655217192 0.0175910404356555
0.0319999999999994 2.03177353626676 -0.00419165560402878 0.0246616730603238
0.0329999999999993 2.07248832998771 -0.016107512303606 0.00385314417061459
0.0339999999999992 2.12186895751911 -0.00717067202042675 -0.00534757745188467
0.0349999999999991 2.21917259156509 0.0103728386627833 0.0100490728029435
0.0359999999999994 2.25742258729187 0.0140213243115979 0.0142692471429892
0.0369999999999993 2.30027069811073 -0.00908622499534162 0.00536329590265834
0.0379999999999992 2.40517395268956 -0.0217409700863805 0.0388041825790855
0.0389999999999995 2.45899520755101 -0.0132074009706289 -0.0049818173021902
0.0399999999999994 2.52122773566218 0.0126835915859351 -0.0284852871600754
0.0409999999999993 2.58630334144931 -0.00512516570189262 0.039849103085635
0.0419999999999992 2.63077861037034 -0.0269564216212348 -0.00802902153413499
0.0429999999999994 2.69354145149305 0.0157913878954464 -0.00656860682496342
0.0439999999999993 2.77625445719993 0.0326094777431913 -0.0296403661538919
0.0449999999999992 2.83964308402284 0.00365810460407744 -0.016421753087095
0.0459999999999991 2.88769388620897 0.0159651312505075 -0.0118710880952154
0.0469999999999994 2.94665007248157 -0.00437192019008913 -0.0387540523097096
0.0479999999999993 3.01363523830442 -0.0139131691736019 0.0291757346871184
0.0489999999999992 3.03562471397833 -0.0162533483509033 -0.0184963875354783
0.0499999999999993 3.10232292582052 0.00226511328469731 -0.030194805707464
0.0509999999999994 3.1753676955889 0.0264276714718051 -0.015577014496668
0.0519999999999993 3.25883882596292 -0.00921247381724749 0.0375477926943907
0.0529999999999992 3.28138237405857 -0.0310642906099804 -0.00722455684402423
0.0539999999999994 3.37801902601766 0.0156047887526594 0.00906664502781516
0.0549999999999993 3.40000924201062 -0.00361040929667786 -0.0267748943340608
0.0559999999999992 3.47642312848423 0.00831695051832427 -0.00372048513686543
0.0569999999999991 3.52917245055326 -0.0213267345746508 0.00274985367955951
0.0579999999999994 3.58832112414414 -0.0138178920623568 0.00675216373635126
0.0589999999999993 3.65119701753346 -0.00604239958372829 -0.0275267129975159
0.0599999999999992 3.72193286982708 0.00898624558186635 0.0208951178376068
0.0609999999999991 3.74568251054611 0.0151330788977006 -0.0129188161005415
0.0619999999999994 3.83625806400739 0.00139532907088044 -0.0177466440105191
0.0629999999999993 3.86524958310766 -0.00612436633161567 -0.00354734617301147
0.0639999999999992 3.9345407960139 -0.019402017884948 -0.0275491944045265
0.0649999999999994 4.00106005129718 0.0329533874786042 0.0253097858238848
0.0659999999999993 4.02620170948234 -0.0126993801543012 -0.0428304962794546
0.0669999999999992 4.12127436994539 0.0201087656610523 0.0224626051863787
0.0679999999999991 4.14189601568478 -0.0254300486611986 -0.0324982551437705
0.0689999999999994 4.23671192087942 0.00403612804928032 0.0232480446357926
0.0699999999999993 4.25075065703768 -0.00371166984366433 -0.029585005727433
0.0709999999999992 4.32564508144123 -0.0121542835646722 -9.72751546399607e-05
0.0719999999999991 4.40933686762604 0.0283118229086894 0.00950010096769128
0.0729999999999994 4.4586750285658 -0.02813070665441 0.00568483302237545
0.0739999999999993 4.51853078712267 0.0228497198472646 -0.0139103922681777
0.0749999999999992 4.56218921565838 -0.00886783449820879 -0.0108297110189272
0.0759999999999993 4.6126874323719 -0.0100466313906623 0.013778063036167
0.0769999999999993 4.68295343885268 -0.00220541281138601 0.0190719810104851
0.0779999999999993 4.73066924010077 -0.00441212798925816 -0.0223242853536754
0.0789999999999992 4.77751499915266 0.0378480332810075 -0.0106989643502535
0.0799999999999994 4.8236457921756 -0.0222934607800229 -0.0268013341676702
0.0809999999999993 4.90770756410615 -0.0101929441367317 0.01171499172401
0.0819999999999992 4.95629460155323 -0.00662100275744899 0.0487635166208447
0.0829999999999991 5.00054911040618 -0.0398484409875705 -0.0178189169597959
0.0839999999999994 5.06762424703105 0.0811217098867759 0.0364326845599934
0.0849999999999993 5.0869933469629 -0.0087787557557125 -0.056571548113483
0.0859999999999992 5.21999563716718 0.0522935445878332 0.0461412869528032
0.0869999999999991 5.25246701783221 -0.0117478319690414 -0.00259359039738339
0.0879999999999994 5.30785906520066 0.00611111595971345 0.0120180206068239
0.0889999999999993 5.35170784947191 -0.0123444369973107 0.00160784347067358
0.0899999999999992 5.41585166715213 -0.0120208965270709 0.00574267403204202
0.0909999999999994 5.40860638452105 0.0209655771934836 -0.008881143621565
0.0919999999999993 5.54226698695319 0.0220199161295292 -0.00981587193557883
0.0929999999999992 5.52788685507459 0.0112361697684967 0.012550506244479
0.0939999999999991 5.61555531361739 -0.0519783187924532 0.0186698893762682
0.0949999999999994 5.68578863085458 0.0457935846745306 0.0492117454708178
0.0959999999999993 5.65729198541631 -0.0446881590268916 -0.0284821141916511
0.0969999999999992 5.773537624339 0.0118350762496304 0.00189700416717671
0.0979999999999991 5.855630279972 0.00107170978449683 -0.0362365583290646
0.0989999999999994 5.88638459787118 -0.0186889111364295 0.0132522393790045
0.0999999999999993 5.90361442774454 -0.0765855612390875 0.0127888915446611
0.100999999999999 5.97601327459458 -0.00292402588289629 -0.000536367326107624
0.101999999999999 6.05239167677037 0.0183388614092271 0.0044493748620926
0.102999999999999 6.09615698582174 0.0269318256845228 -0.0314137955482774
0.103999999999999 6.16049981253452 0.0535270741853209 0.0136646669853343
0.104999999999999 6.21978885944719 -0.0168941540493847 0.0214671563714011
0.105999999999999 6.22245769267775 -0.0271712778698772 0.0195561135449862
0.106999999999999 6.30552107820661 -0.0105218910342516 0.0304369402850941
0.107999999999999 6.35397979510681 0.00917313926974674 -0.0200457405380719
0.108999999999999 6.40990440176868 0.0372890391273229 -0.014703976315368
0.109999999999999 6.4083891892097 0.0114692684858203 -0.0478886968519033
0.110999999999999 6.55097186453242 -0.0215432076482743 0.0365388374983246
0.111999999999999 6.5537741323433 -0.0262577835555946 0.022672213737858
0.112999999999999 6.59343064193995 -0.0322308107906349 -0.00299693187130521
0.113999999999999 6.67418848893029 0.036511964875946 0.0133821047746875
0.114999999999999 6.66047382501487 0.0154385290967606 -0.0375821574373496
0.115999999999999 6.7694479582117 0.0492035580517695 0.0140293225041857
0.116999999999999 6.75796361804564 -0.0565738197826354 -0.0260298377358371
0.117999999999999 6.90578078860827 -0.0120827383109158 0.0923499256999069
0.118999999999999 6.90376497508797 -0.0238336804526777 -0.0645176022559526
0.119999999999999 6.95769770691603 -0.00331826189746664 0.00302960480340909
0.120999999999999 7.02674501545059 0.023493607947998 0.00295478500502424
0.121999999999999 7.05594925239222 -0.0563367429086131 -0.0252940077387974
0.122999999999999 7.11300358638674 0.0242571102886997 0.0565457927962493
0.123999999999999 7.10258720882249 -0.0540532176295136 -0.0990852125332033
0.124999999999999 7.2173162797901 0.0802539134075398 0.0227653205389799
0.125999999999999 7.23581725319788 -0.0173826414968157 -0.019823376367489
0.126999999999999 7.26694433606849 -0.00518082531541007 -0.0176608403625779
0.127999999999999 7.39837526723625 0.0215896433257384 0.0853138744295107
0.128999999999999 7.30490102458513 -0.0578213328848669 -0.0462396272259234
0.129999999999999 7.44915439624523 0.0630737892109521 0.0631379201690071
0.130999999999999 7.42097397608279 0.00527732469890285 -0.0432346648238935
0.131999999999999 7.42453055563701 -0.00703082071293539 0.00413075962339432
0.132999999999999 7.48180227421123 0.0202604604972806 0.0413181490204844
0.133999999999999 7.51654158374471 -0.0254205953869359 -0.0376924730036612
0.134999999999999 7.57635497797676 0.00285936520800249 0.0173398412111989
0.135999999999999 7.6511684292896 0.0319869737485111 -0.00535602073001701
0.136999999999999 7.6618264471358 -0.0230925969882641 0.0274744834459765
0.137999999999999 7.70540124747831 0.00430600040626044 0.00453176645283206
0.138999999999999 7.68117625877965 -0.0245075373086892 -0.00938282358165315
0.139999999999999 7.75284879342065 -0.0107654430938997 -0.0115028792286989
0.140999999999999 7.78364175404027 -0.0113140179005903 0.0284987038478999
0.141999999999999 7.79165201481857 0.0099509102242259 0.0104990729753014
0.142999999999999 7.87053068454672 0.00562157527044005 0.00988225347462598
0.143999999999999 7.89476868267497 0.0222847032933441 -0.0351238843794736
0.144999999999999 7.95414750739313 -0.0180355696176922 -0.0138111141597277
0.145999999999999 7.9371925793297 0.0371180534995012 0.0425010230410332
0.146999999999999 8.01214043396497 -0.0839063450496877 0.0156292984239615
0.147999999999999 7.97751088000214 -0.0437305229395087 0.0410653693674242
0.148999999999999 7.96071839621897 -0.0211510661849898 -0.0144953832085985
0.149999999999999 7.95664535722881 0.0389434780950572 -0.00407729813554555
0.150999999999999 7.9031593358947 -0.0522791878015938 -0.0113220342392699
0.151999999999999 7.79601698870326 -0.0123160369627756 0.0124634523871056
0.152999999999999 7.69523133802282 0.00836285681962631 0.0190473305854315
0.153999999999999 7.38948983040288 0.0813028495419321 -0.0463742166979483
0.154999999999999 6.93592528153854 -0.033966906456496 -0.0151232316254091
0.155999999999999 6.4313610658297 -0.0651166242926607 0.101396134120458
0.156999999999999 5.82361839740341 0.00589690702733626 -0.0273692768933225
0.157999999999999 5.03299241410838 0.0842187469869282 -0.0595817142759241
0.158999999999999 4.49916607428996 0.0638605594977573 -0.0381224265736716
0.159999999999999 4.24905869119636 0.0398743087927677 0.0474843568106329
0.160999999999999 3.9560460703399 0.00662893586347408 0.00333412783752829
0.161999999999999 3.82239752204388 -0.0871470303141477 -0.0465316420805599
0.162999999999999 3.71907622483044 -0.00610227431405206 0.106946604532357
0.163999999999999 3.51598472307045 -0.0500653255674589 -0.0894996950370203
0.164999999999999 3.4201200619936 0.081790576830052 0.0241452468234588
0.165999999999999 3.26145887791824 -0.00739832471048635 -0.0302291987400697
0.166999999999999 3.25664630765134 0.0351873925511996 -0.00185716446067514
0.167999999999999 3.11039089917 -0.0662581355830205 0.0533746580875237
0.168999999999999 3.01744998585041 0.0478625024114699 0.0751701780559676
0.169999999999999 2.98867196331143 0.0133206495930139 -0.0642359167312513
0.170999999999999 2.90865119222844 0.0158215538893789 -0.0755079711963208
0.171999999999999 2.84233647438961 0.0309689066450677 0.011633935224344
0.172999999999999 2.70770323695866 -0.034694861042434 -0.0489680469642359
0.173999999999999 2.59293431092211 0.0850916751255193 0.0542806838241034
0.174999999999999 2.40726951174505 -0.0653566439519966 -0.0473745097292384
0.175999999999999 2.30222858952641 0.140981444784696 0.0641113873102597
0.176999999999999 2.03450474641753 -0.0978179133541085 -0.0859455380683168
0.177999999999999 1.98099420225829 0.0274443844911621 0.15328688010998
0.178999999999999 1.77791921817719 -0.0888994396340271 -0.0499946486770537
0.179999999999999 1.74060941160286 0.0661111469684329 -0.0279784817100286
0.180999999999999 1.64850874251782 0.0415726830596125 -0.0405488378097296
0.181999999999999 1.52770421725556 -0.0707046616787352 0.0201636754778908
0.182999999999999 1.47691051014486 0.0052225495562328 0.054997806608236
0.183999999999999 1.33043341853277 0.017613337686621 -0.0488403813923942
0.184999999999999 1.28263620297887 0.0287663132300352 -0.129567737097638
0.185999999999999 1.31450761403086 0.03101990301485 0.138816622306091
0.186999999999999 1.16791563351913 -0.133077867531362 -0.0659473526467233
0.187999999999999 1.25988141295797 0.0177193802845986 -0.0114603532851355
0.188999999999999 1.32877433210334 0.131269676191663 -0.0634385560233533
0.189999999999999 1.26438408247361 0.0210597447708833 -0.0694062280669779
0.190999999999999 1.31984310024238 -0.0528824840457762 0.0916570770355805
0.191999999999999 1.42519507610902 -0.050527892766233 0.0294812999429511
0.192999999999999 1.45194602438927 0.0461192110835221 0.00135409994888279
0.193999999999999 1.30895872714949 0.00873751071182763 -0.110166845378318
0.194999999999999 1.48285662215461 0.0135868954721352 0.113989567865994
0.195999999999999 1.42448308081535 -0.0496511684469336 0.00406415126602325
0.196999999999999 1.36135888907664 0.0314407320298227 -0.0277464999311242
0.197999999999999 1.4447518587941 0.0168745238168561 0.000525440228106637
0.198999999999999 1.43372451865977 -0.0483784814177498 -0.0159270571528013
0.199999999999999 1.41825092139906 0.0633591766444423 0.0594499079179893
